%YAML:1.0
projection_matrix: !!opencv-matrix
  rows: 3
  cols: 4
  dt: d
  data: [572.2248516229374, 0, 378.7735080718994, -35.44749952807783, 0, 572.2248516229374, 239.291540145874, 0, 0, 0, 1, 0]
